[[1]]
 y          X        X.1        X.2        X.3         X.4
 1 -0.7886220 -1.0633261  0.1176466  0.3796395 -0.56047565
   -0.5021987  1.2631852 -0.9474746 -0.5023235 -0.23017749
    1.4960607 -0.3496504 -0.4905574 -0.3332074  1.55870831
   -1.1373036 -0.8655129 -0.2560922 -1.0185754  0.07050839

[[2]]
 y          X         X.1         X.2         X.3        X.4
 1 -0.1790516 -0.23627957  1.84386201 -1.07179123  0.1292877
    1.9023618 -0.19717589 -0.65194990  0.30352864  1.7150650
   -0.1009749  1.10992029  0.23538657  0.44820978  0.4609162
   -1.3598407  0.08473729  0.07796085  0.05300423 -1.2650612

[[3]]
 y          X        X.1         X.2        X.3        X.4
 1 -0.6647694  0.7540538 -0.96185663  0.9222675 -0.6868529
    0.4854600 -0.4992920 -0.07130809  2.0500847 -0.4456620
   -0.3756029  0.2144453  1.44455086 -0.4910312  1.2240818
   -0.5618764 -0.3246859  0.45150405 -2.3091689  0.3598138

[[4]]
 y           X         X.1         X.2        X.3        X.4
 1 -0.34391723  0.09458353  0.04123292  1.0057385  0.4007715
    0.09049665 -0.89536336 -0.42249683 -0.7092008  0.1106827
    1.59850877 -1.31080153 -2.05324722 -0.6880086 -0.5558411
   -0.08856511  1.99721338  1.13133721  1.0255714  1.7869131

[[5]]
 y          X        X.1        X.2        X.3        X.4
 1  1.0807995  0.6007088 -1.4606401 -0.2847730  0.4978505
    0.6307541 -1.2512714  0.7399475 -1.2207177 -1.9666172
   -0.1136399 -0.6111659  1.9091036  0.1813035  0.7013559
   -1.5329020 -1.1854801 -1.4438932 -0.1388914 -0.4727914

[[6]]
 y           X        X.1        X.2          X.3        X.4
 1 -0.52111732  2.1988103  0.7017843  0.005764186 -1.0678237
   -0.48987045  1.3124130 -0.2621975  0.385280401 -0.2179749
    0.04715443 -0.2651451 -1.5721442 -0.370660032 -1.0260044
    1.30019868  0.5431941 -1.5146677  0.644376549 -0.7288912

[[7]]
 y         X        X.1        X.2        X.3        X.4
 1  2.293079 -0.4143399 -1.6015362 -0.2204866 -0.6250393
    1.547581 -0.4762469 -0.5309065  0.3317820 -1.6866933
   -0.133151 -0.7886028 -1.4617556  1.0968390  0.8377870
   -1.756527 -0.5946173  0.6879168  0.4351815  0.1533731

[[8]]
 y           X         X.1        X.2        X.3        X.4
 1 -0.38877986  1.65090747  2.1001089 -0.3259316 -1.1381369
    0.08920722 -0.05402813 -1.2870305  1.1488076  1.2538149
    0.84501300  0.11924524  0.7877388  0.9935039  0.4264642
    0.96252797  0.24368743  0.7690422  0.5483970 -0.2950715

[[9]]
 y          X        X.1        X.2        X.3       X.4
 1  0.6843094  1.2324759  0.3322026  0.2387317 0.8951257
   -1.3952743 -0.5160638 -1.0083766 -0.6279061 0.8781335
    0.8496430 -0.9925072 -0.1194526  1.3606524 0.8215811
   -0.4465572  1.6756969 -0.2803953 -0.6002596 0.6886403

[[10]]
 y          X        X.1        X.2        X.3         X.4
 1 0.17480270 -0.4411632  0.5629895  2.1873330  0.55391765
   0.07455118 -0.7230660 -0.3724388  1.5326106 -0.06191171
   0.42816676 -1.2362731  0.9769734 -0.2357004 -0.30596266
   0.02467498 -1.2847157 -0.3745809 -1.0264209 -0.38047100

[[11]]
 y          X        X.1       X.2        X.3        X.4
 1 -1.6674751 -0.5739735  1.052711 -0.7104066 -0.6947070
    0.7364960  0.6179858 -1.049177  0.2568837 -0.2079173
    0.3860266  1.1098481 -1.260155 -0.2466919 -1.2653964
   -0.2656516  0.7075884  3.241040 -0.3475426  2.1689560

[[12]]
 y         X         X.1        X.2         X.3        X.4
 1 0.1181445 -0.36365730 -0.4168576 -0.95161857  1.2079620
   0.1340386  0.05974994  0.2982276 -0.04502772 -1.1231086
   0.2210195 -0.70459646  0.6365697 -0.78490447 -0.4028848
   1.6408462 -0.71721816 -0.4837806 -1.66794194 -0.4666554

[[13]]
 y          X         X.1         X.2        X.3         X.4
 1 -0.2190504  0.88465050  0.51686204 -0.3802265  0.77996512
    0.1680654 -1.01559258  0.36896453  0.9189966 -0.08336907
    1.1683839  1.95529397 -0.21538051 -0.5753470  0.25331851
    1.0541810 -0.09031959  0.06529303  0.6079643 -0.02854676

[[14]]
 y           X        X.1         X.2         X.3         X.4
 1  1.14526311  0.2145388 -0.03406725 -1.61788271 -0.04287046
   -0.57746800 -0.7385277  2.12845190 -0.05556197  1.36860228
    2.00248273 -0.5743887 -0.74133610  0.51940720 -0.22577099
    0.06670087 -1.3170161 -1.09599627  0.30115336  1.51647060

[[15]]
 y           X        X.1        X.2        X.3        X.4
 1  1.86685184 -0.1829254  0.0377884  0.1056762 -1.5487528
   -1.35090269  0.4189824  0.3104807 -0.6407060  0.5846137
    0.02098359  0.3243043  0.4365235 -0.8497043  0.1238542
    1.24991457 -0.7815365 -0.4583653 -1.0241288  0.2159416

[[16]]
  y         X       X.1         X.2        X.3        X.4
 -1 1.8719650 1.7795029  0.03455107 0.62418747 -0.7152422
    0.6515276 0.2864244  0.19023032 0.95900538 -0.7526890
    1.5185038 0.1263159  0.17472640 1.67105483 -0.9385387
    0.6093150 1.2722668 -1.05501704 0.05601673 -1.0525133

[[17]]
  y           X         X.1        X.2         X.3        X.4
 -1 -0.09278721 -0.71846622  0.4761333 -0.05198191 -0.4371595
     2.21001051 -0.45033862  1.3785701 -1.75323736  0.3311792
     1.74090001  2.39745248  0.4562364  0.09932759 -2.0142105
     2.72426224  0.01112919 -1.1355885 -0.57185006  0.2119804

[[18]]
  y         X        X.1        X.2        X.3       X.4
 -1 1.0651539  1.6335684 -0.4356455 -0.9740096 1.2366750
    2.1250027 -1.4385066  0.3461036 -0.1799062 2.0375740
    2.9754191 -0.1905168 -0.6470456  1.0149432 1.3011760
    0.7185179  0.3784239 -2.1576463 -1.9927485 0.7567748

[[19]]
  y          X         X.1        X.2        X.3        X.4
 -1 -0.3229511  0.30003855  0.8842508 -0.4272793 -1.7267304
     0.7606484 -1.00563626 -0.8294776  0.1166373 -0.6015067
     0.7859588  0.01925927 -0.5735603 -0.8932076 -0.3520465
     1.1516805 -1.07742065  1.5039006  0.3339029  0.7035239

[[20]]
  y         X        X.1        X.2         X.3        X.4
 -1 2.7123050  0.7127033 -0.7741449  0.41142992 -0.1056713
    0.6738561  1.0847751  0.8457315 -0.03303616 -1.2586486
    1.3730047 -2.2249877 -1.2606829 -2.46589819  1.6844357
    0.7723159  1.2356935 -0.3545424  2.57145815  0.9113913

[[21]]
  y        X        X.1         X.2        X.3        X.4
 -1 1.020451 -1.2410445 -0.07355602 -0.2052993  0.2374303
    1.314058  0.4547693 -1.16865142  0.6511933  1.2181086
    2.328215  0.6599026 -0.63474826  0.2737665 -1.3387743
    1.121318 -0.1998898 -0.02884155  1.0246732  0.6608203

[[22]]
  y         X        X.1        X.2        X.3         X.4
 -1 1.7128423 -0.6451140  0.6706960  0.8176594 -0.52291238
    1.7788600  0.1653210 -1.6505465 -0.2097932  0.68374552
    1.9147733  0.4388187 -0.3497542  0.3781678 -0.06082195
    0.4256054  0.8833028  0.7564064 -0.9454088  0.63296071

[[23]]
  y         X       X.1        X.2        X.3         X.4
 -1 2.6268812 -2.052337 -0.5388092  0.8569230  1.33551762
    0.6190433 -1.636379  0.2272919 -0.4610383  0.00729009
    0.8942158  1.430402  0.4922286  2.4167734  1.01755864
    2.4040503  1.046629  0.2678350 -1.6510489 -1.18843404

[[24]]
  y           X        X.1        X.2        X.3        X.4
 -1  2.29408391  0.4352889  0.6532577 -0.4639872 -0.7216044
    -0.08999187  0.7151784 -0.1227087  0.8253799  1.5192177
     0.12692900  0.9171749 -0.4136765  0.5101325  0.3773880
    -0.35807906 -2.6609228 -2.6431490 -0.5894810 -2.0522228

[[25]]
   y        X        X.1         X.2         X.3        X.4
  -1 1.181847  1.1102771 -0.09294102 -0.99678074 -1.3640375
     1.164841 -0.4849876  0.43028470  0.14447570 -0.2007810
     1.364115  0.2306168  0.53539884 -0.01430741  0.8657794
     1.552158 -0.2951578 -0.55527835 -1.79028124 -0.1018833

